9747 0 10011 9988
7876 0 7999 9947
700 0 1179 9996
7818 9458 7819 9459
0 0 250 9975
3894 2076 3895 2077
8367 8581 8368 8582
5072 8516 5073 8517
6620 0 7029 9983
2568 0 2774 9991
8631 3253 8632 3254
6211 0 6620 9980
4190 0 4894 1717
7029 0 7415 9997
8830 0 9114 9973
7558 8392 7876 9118
250 0 676 9991
9486 0 9592 9954
2988 686 3492 3110
3492 0 3610 9963
2188 0 2323 4192
2774 1346 2988 1376
9592 0 9666 9922
3610 0 3727 6317
2383 8860 2384 8861
3727 4779 4088 8948
4894 0 5099 7140
1920 1033 2188 3980
7999 0 8417 2280
5911 0 5915 7415
9114 0 9486 9996
1297 4188 1920 6058
5099 1999 5178 7217
2969 8553 2970 8554
3114 8854 3115 8855
8059 7973 8060 7974
5915 0 6074 9997
9666 0 9747 9961
2562 8553 2563 8554
2323 0 2568 5447
2320 7669 2321 7670
7415 0 7558 8488
1179 0 1297 9930
4471 4523 4472 4524
6074 0 6211 9132
5199 6570 5911 6693
2203 4240 2204 4241
1528 772 1529 773
5644 203 5645 204
676 0 700 9627
8417 5809 8830 6205
1760 3450 1761 3451
5487 2532 5488 2533
4088 6664 4190 9035
5178 0 5199 9654
