365
99 54 85 97 12 50 45 8 59 21 68 55 16 28 85 30 46 86 62 25 87 85 46 29 58 23
1334 15973 4677 15126 13622 6586 763 17557 15351 7148 17842 5773 3566 8263 5251 9370 3042 34 10291 541 8412 9536 16993 17960 3902 6367
9569 12488 10467 7474 7586 11705 15918 3922 9627 12322 15014 12004 15891 19534 9187 15439 10779 391 1791 4682 14738 2457 7470 9570 824 12136
4141 6726 4465 16499 10841 11383 11047 9581 15677 6603 13075 2415 7380 7920 9878 9825 13588 10606 206 18392 19360 5425 3247 15931 13368 15341
12306 12996 17015 800 9772 1560 1436 6608 6587 3388 11259 6553 4612 3224 2438 4366 17985 8771 6858 18255 11162 3352 6893 1704 5202 5079
11994 19368 5522 2797 16013 9158 7366 7084 8892 528 650 7783 4718 17385 17109 14375 7618 15659 5496 8662 16988 13312 102 1038 15005 19858
2035 12724 2249 15842 9119 7163 788 13831 3452 9555 7016 10808 7546 11093 7296 288 7316 19086 19825 4573 1251 17863 16380 15513 4930 5002
12399 13914 6425 19728 19751 7732 11240 3543 8341 10251 13178 10527 15904 14209 7032 5937 4640 9510 13879 9340 4084 8571 4237 14746 13278 5558
15629 7409 8639 8528 17421 2483 11333 17751 17137 3008 5692 4756 15686 14379 16636 17759 5014 6358 4109 13863 13913 328 10232 2507 2891 13308
16905 17692 7015 15051 12241 12596 18050 17044 13448 15110 92 14652 9305 14679 9373 6194 8045 2087 18967 1080 1954 8667 4238 980 1040 7665
15063 16402 7176 16304 9653 10228 7915 2487 16190 14296 11785 8148 4121 1684 6804 6625 13928 14914 13619 1435 10331 8986 7243 6197 11453 4016
17741 4570 14246 16637 19 16089 5004 11954 3830 13273 15046 6383 5676 8369 2982 344 14588 10950 15982 981 11541 15984 1818 5225 12557 13675
7229 6108 16913 17665 4294 3881 12078 12073 3114 18811 12201 10992 7621 1407 18128 14266 18380 14928 15139 16478 19591 11292 18463 1194 12335 4418
1626 4254 10264 16415 4984 1100 18824 11603 12511 11738 7035 18652 8188 11450 5529 15637 16984 1868 11085 5966 5481 7293 9544 5891 9188 7520
14177 7385 18337 7262 19954 9200 11735 8782 19375 6658 12331 2580 11845 12154 4746 18921 10619 12056 19515 16995 6378 17226 10119 19305 5735 18708
19630 10345 13444 10125 16829 3524 19992 3196 11050 6396 18777 11230 7465 16236 5766 15857 16811 18906 10904 6318 9639 18238 16885 5967 6374 9771
6502 3131 11136 3742 6231 4988 17929 3332 13138 9812 707 1275 13900 15102 17540 2917 4198 7098 1500 13921 5414 3051 13209 3594 15284 7326
13933 16466 11377 16372 7565 10884 18060 11074 1339 873 15197 16779 150 12795 10912 16119 9660 15549 5304 14798 6509 6122 1657 4706 17559 6947
3065 16041 5513 1951 13792 14263 6281 13159 9238 8937 5737 5539 18669 6799 2331 7417 4290 13278 16560 9289 10164 4313 8031 18497 8804 2299
15077 360 16056 10672 14467 5273 9626 14306 15152 3646 15487 1449 3077 1269 1563 18082 2675 3150 3610 10172 11928 6731 2701 15099 4077 136
11478 7035 5952 15963 13968 9368 18101 4222 2651 8928 471 11869 11115 14650 11266 244 18875 9197 16755 9025 1602 13915 4789 8625 9454 7996
12854 4574 17285 3453 7591 5365 13403 10444 9685 914 3342 15009 3918 13091 17526 11064 126 663 13612 15975 16918 15724 12135 17755 10395 6528
10433 3869 1050 7300 16617 17988 4521 14835 16891 18490 13048 14487 19851 838 727 3531 10898 1939 7514 6019 16692 10629 7593 18313 18469 1267
429 17344 18097 16591 17361 18949 18035 7418 18705 8412 3026 14691 15767 1042 10041 16332 1332 15462 8550 3571 7454 11483 5799 7199 2523 8222
15401 11314 10774 19595 8974 18983 18889 16798 10573 2875 70 11456 19065 11870 10665 10738 10132 5818 16043 14071 14882 420 8346 14107 15443 1243
13873 10058 19190 18443 333 6032 661 9978 7434 5540 9174 9306 17316 1349 11899 16242 8292 6513 4193 4011 7332 11060 5852 18763 11205 7879
17168 3229 14647 9047 13798 13836 18313 10072 546 9127 17724 12158 9197 11093 9485 8682 7659 14024 18310 7112 17938 16235 12232 9806 1081 13971
15752 6005 10366 14811 14870 17633 5374 17318 7098 6579 8281 3084 1405 5759 12508 15910 16420 17586 8286 13486 12733 95 19969 2439 6598 7615
608 16751 16953 17556 5946 1892 17576 15498 13096 19774 14430 15222 16609 3937 11503 13121 8143 3765 7398 14650 2045 11868 9653 3789 530 15920
2816 19926 6760 16381 2976 3686 17376 2007 10931 3817 8945 19506 15864 5250 19547 7633 16805 490 18646 491 7406 14510 11305 16997 9704 10368
245 9779 19318 14458 13689 671 19232 15638 7722 7980 7201 18318 5279 3948 4052 11594 16428 15551 2191 18807 15874 19890 2494 13855 3059 8696
5584 8927 15320 4507 19397 13882 2519 7190 18610 14169 16262 7342 18569 17693 11245 11467 605 6798 16023 867 18191 15503 4307 1208 8714 16384
13353 1359 1049 581 7405 16764 15288 15010 3631 11240 4016 12193 15006 13142 3118 250 15514 5869 4779 6322 16724 4167 1312 13320 1998 12955
3406 12778 12628 2264 6817 8566 18642 2970 19629 13636 10153 13667 6838 1259 10380 19698 12205 19420 7206 10686 11648 6514 10681 2201 2871 17364
6068 8649 2947 1724 12270 6122 12232 17107 12640 2225 12252 10935 12289 8033 11854 16418 11753 5188 17133 8308 10844 17685 10133 12509 10208 11722
1804 18598 7203 2624 12309 9275 12339 5701 14697 5952 12427 13043 18809 9106 19315 10458 10513 6501 5975 8145 16037 7588 19268 15719 2716 5589
7433 18181 1408 1951 15277 6982 1705 6542 14921 10344 13173 2504 7127 16089 17317 3167 8706 13210 8501 18912 14076 18896 14548 12123 15281 15121
4006 2291 558 9775 1655 11785 18003 10324 11709 12837 14349 18348 382 1365 8535 13558 17490 19423 3921 6488 9237 1636 4117 6099 19024 13041
12356 2890 13389 6483 17103 1164 8697 2340 13527 13425 3823 4388 8274 4281 1955 4117 7280 1680 15634 4142 9322 7765 3109 8045 12007 12262
5 1989 9695 14438 10979 2220 9249 7925 18807 3648 19504 3456 11271 3997 8269 1351 7962 7574 11042 13616 8926 10370 4795 14752 17322 4399
3728 14105 7131 10857 5703 11276 17908 14641 11101 10775 17887 6167 19149 6761 6805 11445 2656 13909 10282 15067 13056 6872 16897 16768 13470 14884
8719 12783 1256 18581 15069 6745 2765 14834 18103 5697 12970 10732 9948 18975 11601 19791 17649 18267 13611 14010 17993 13421 13285 19376 5994 10741
12944 2868 12201 3958 8533 7518 170 2347 9307 8431 17227 19502 7371 10350 16573 6364 2022 18457 1788 13357 6874 19806 13273 3205 8230 18927
17804 12976 12955 19429 19188 6453 3686 17583 15529 768 8169 19238 11775 12629 3336 642 14267 8464 10126 8288 2319 17489 14005 4303 15971 8747
11212 7288 10719 4826 86 10160 16391 5011 16848 7752 8133 7148 16717 2059 18426 9076 18262 12143 6403 2643 2260 7240 6154 1358 3718 1889
7615 9045 10063 16939 15234 2936 13859 13123 18000 3950 5554 19196 14318 11443 11644 13825 17302 16561 18454 7280 14254 10342 16747 5120 1259 12182
8797 17541 13921 19691 15882 12632 16048 9111 4975 4808 1605 13387 2459 12051 11035 8229 2471 19230 18436 13355 16210 16714 1399 980 17333 12758
7259 2102 13603 13697 7562 4054 4303 6122 11132 2655 15388 16964 6679 5827 16257 14958 18412 15007 19792 2296 15328 8247 12712 19496 19120 2321
3184 10594 19255 2348 19835 3100 19821 3287 11870 17399 18180 10734 6579 17979 8938 7596 1112 12676 9796 1401 5262 7313 18790 11455 8846 7596
7772 15722 796 14052 3875 10450 17348 4021 6317 16740 4832 2266 10203 17809 17905 2794 8609 16392 2012 2572 5141 15853 17905 6172 9259 10046
6638 572 17356 18960 16456 16962 12836 11528 398 1844 18588 9669 1017 7058 12486 2205 4193 16325 8650 9883 9757 12074 2279 3029 15172 13583
6101 3543 4638 14111 14362 16606 6730 17152 14968 4229 13916 3479 4083 9496 18428 3469 2287 7349 15640 6342 16597 13144 15503 2394 16424 17822
18290 14871 1362 13210 13878 14548 1858 18923 14570 8425 15126 8000 13677 1137 11529 15114 392 939 11068 9031 16690 9581 7798 12240 7222 5994
13556 3330 274 19681 4662 14280 15324 4838 16200 19120 16818 18720 4767 3378 13465 205 292 15161 4607 7386 11248 5949 9196 3501 13399 1991
1319 8364 16847 18028 15272 16740 4123 6821 15201 1446 1135 10736 14653 2437 8936 14297 8530 2731 4892 3189 12409 13655 19456 8385 6150 12839
7853 14152 8058 3435 7574 10037 12216 17567 17715 10141 13248 3087 18641 14581 19734 1890 16030 1635 16940 12558 3447 14175 19193 5675 6197 2467
9443 8796 869 13148 15536 2162 10518 1905 7906 7363 14814 14364 5307 14466 15282 4297 7525 2418 19492 4199 7250 10327 7196 9978 13834 8733
17757 1730 12941 15374 15387 18237 11565 5282 5675 1921 17420 1425 19950 3721 1262 19021 4088 16302 3203 14078 10882 10326 3549 3869 4867 11786
9230 5530 5694 7652 16974 15279 1360 16000 13214 8665 8287 2907 8161 16168 11265 18007 13332 7992 1884 9599 18581 3248 11490 12636 10483 6632
11354 1352 10850 2466 11561 6424 5319 18475 16584 18258 6654 9141 12712 13504 3220 5060 16547 11449 2775 6407 11636 19782 4325 13155 6702 1400
16195 8448 1788 3765 4813 9248 17222 18827 14823 10432 19002 14451 4604 19088 732 7047 5629 9030 14155 19484 10033 12335 4739 7520 7104 14914
7351 14783 640 14943 5515 3683 16469 12779 17598 6273 8160 7266 6801 5408 19028 17605 11928 15402 2701 18083 2651 15106 1603 11097 10604 4725
15917 366 14664 18926 12553 3434 9350 7270 15566 17524 18460 19954 1643 268 928 579 8076 10761 18916 18627 712 16310 4898 17319 12691 14148
6699 2385 6934 8601 6897 12654 3236 2530 7749 1587 9200 9441 9003 6948 16436 4314 1776 14926 15410 12333 10086 8246 19958 7210 4456 2874
671 14737 1240 8878 7858 2352 10347 4272 9784 1772 12391 17738 3672 13994 12768 16702 15091 10989 11345 6136 18361 2283 18864 13032 10864 12092
1173 894 3684 9153 19730 16254 4173 17611 4530 7763 15509 17491 12030 6956 19318 19758 14196 9095 6609 11657 3275 15944 18195 17742 16397 16721
5189 14557 17160 4125 5256 2719 6257 14978 19028 7352 5945 8126 14899 19383 16920 8532 4861 2400 10012 17689 3463 13068 18421 4355 14728 4988
6538 2226 14890 13459 6804 13579 4624 3070 18364 16504 15271 15648 8467 32 9111 8188 13828 7419 1561 18983 1209 2760 9494 19999 3009 11402
16477 9173 10180 9690 3259 7821 13270 12851 15475 7680 3305 12910 13640 9373 18050 12291 14839 7155 10712 6622 15165 17701 15921 5704 16703 11365
1024 10446 2415 202 4244 4212 7469 15674 7109 16728 2497 6985 8023 2424 13208 18334 16743 2064 5391 19897 3987 11437 4765 9482 15603 835
6577 2579 13192 3044 12253 15414 2003 262 8651 12989 10623 2528 16185 14078 18491 4879 19256 5860 18878 8779 6595 19817 8141 15477 4236 16731
16346 13119 15584 6475 9819 18601 8911 6084 4549 8527 9846 602 18224 8154 13841 18881 13858 1299 5663 2853 5623 386 16194 4976 13087 3414
6389 1272 16560 7538 12004 14515 14584 9774 4571 18908 1885 17763 9696 14302 9755 17828 10209 3082 586 10559 12422 16037 15013 12183 9523 4592
15547 13287 16322 5586 6270 7859 9694 1253 2896 6733 5840 11807 13269 4227 1071 17909 6940 15965 14255 18505 13223 5638 12416 9430 5060 16440
2140 5202 6661 5914 9381 4977 17233 1037 7052 13067 8350 723 1954 8900 7834 3984 7023 338 11748 14522 14822 4846 8066 8555 9646 18711
6855 2298 17177 19105 7631 4469 4100 13092 3523 14729 1379 5643 9563 12628 4459 14403 15173 11511 18159 13298 4142 789 11727 10805 10405 13066
2359 3413 6926 17095 5305 2681 667 10280 15754 983 14276 10385 7666 4942 10704 19821 3474 13436 825 15700 3520 10945 12718 12222 11981 6220
3763 16264 7758 1045 3909 10028 9227 18293 696 1901 4257 6301 18853 5681 11728 15308 14715 7850 5523 12959 16149 3941 1158 10798 1681 6892
1310 5533 16275 10123 18181 4351 6511 15257 15671 5849 17279 120 8960 17119 15455 6220 30 9845 4644 14777 11967 9021 17648 9490 17706 8488
1861 5425 15075 1935 6463 8899 14155 16285 4402 19734 2922 14084 1268 5465 7982 16311 9134 18433 18386 9808 1905 7083 1980 11337 703 17655
14834 17518 18207 10048 5773 3590 12965 12768 13131 6264 532 13640 2545 13187 13241 8713 7560 12888 8968 8363 18741 2821 16577 10757 4385 17802
11052 17873 19616 19881 222 4784 4045 18698 1361 13840 13157 2118 14644 12520 14636 9180 11882 16599 7175 2943 11736 1385 14489 2925 5289 6941
15004 16208 14850 7702 8978 6356 8062 5242 16942 17440 11456 7735 19376 7711 15726 4074 16102 14312 14768 780 4890 2536 11628 5361 12247 12834
19920 466 11645 2394 2358 263 12133 2217 2617 8417 13356 12388 5529 18975 3895 13708 5023 14259 9747 16511 4092 10790 12342 3968 8206 13562
8379 1565 9210 2131 11379 4089 2786 2858 2303 8387 10489 8082 6545 17570 12310 2880 13639 16749 12320 6351 11566 14719 10248 14843 6824 342
6153 3590 9455 10722 13590 8874 5030 9530 951 741 10431 10563 133 1947 19045 9220 10909 15679 3627 10428 9683 11872 5954 15264 16562 14419
2369 1666 16813 17517 18269 1129 12909 16695 4228 6672 7538 4251 2966 18875 9264 1468 6392 4912 11592 8142 5123 3727 15509 7131 10119 7138
13675 11544 18237 4707 2130 16661 12894 7591 7268 9096 19267 6912 6869 17373 18151 3420 7148 4895 3222 1633 11863 10344 4763 16643 15827 13550
3162 5244 2814 7442 10734 9668 12844 19959 2674 18230 11844 11437 16331 1978 17773 4082 14054 6229 5271 19010 11535 6574 18287 49 13808 17641
11380 9825 11869 2973 7620 7006 2198 17846 6341 14737 1477 8439 15224 9649 11275 4908 3109 15418 12312 8009 18175 2426 4554 14367 8922 4804
16284 272 11702 12499 17129 13603 3081 10476 1641 5087 8535 14903 15622 5982 13002 9185 1964 14833 5507 1575 6091 8998 11432 12291 4149 15017
4804 15537 13451 7154 4928 3692 12104 12670 4849 6567 5707 11466 46 15265 17304 6799 13481 8353 6149 18738 1873 4658 5966 13355 19035 4709
8476 6623 12273 1594 7361 7468 16827 16523 3653 5746 11590 6324 16042 7171 9664 2543 13894 15424 5758 12387 14281 5747 13844 2706 13015 5378
13389 3138 10675 4105 14318 3755 13849 7343 13578 11315 5333 2573 7656 16201 12788 10774 9010 6748 5028 6883 18270 11345 1171 13284 389 18088
17430 3566 3493 15581 9905 5659 5982 11348 17395 18517 1595 19831 6211 5565 19629 793 8964 1337 18179 18157 10428 11604 16423 7010 16060 8088
19925 15140 4317 1106 13721 16218 7540 16518 12183 303 7820 13171 8888 19507 13763 1126 13016 2064 5881 10124 1024 15125 16963 462 9186 8999
4449 8948 9674 11673 3561 4695 13353 13255 8771 19507 11130 1240 11827 6124 15871 13977 253 935 4136 8677 9909 393 9339 6316 5457 12015
19009 7813 12739 13972 1705 6877 7712 14981 7429 1371 5823 19676 4140 13432 5298 16224 8819 16464 15254 16244 18370 2926 7451 13736 16560 1958
3251 268 17150 6739 13099 11908 13632 11208 15610 1524 6781 961 65 9628 14376 10276 14275 6103 14780 12985 7828 6893 3101 4729 9721 6386
18784 11849 15509 14356 4196 2931 16194 15039 13766 11900 13330 11080 16260 8387 6977 6029 17723 18359 13588 15474 9479 7893 19888 8092 5102 18982
4258 13270 40 398 8426 19078 16179 16891 9878 13776 13465 10292 18972 15614 9998 10002 13023 5432 9262 8668 16940 354 8799 19850 9042 17618
16036 6214 916 4700 578 9114 17856 8271 6504 12790 3110 9307 14899 9431 6089 1379 13731 18461 791 18935 1943 17750 37 8991 2143 16077
14150 14473 13154 1820 12247 19315 714 17773 19166 18640 5343 5909 17285 14785 5047 5162 561 16706 14485 1981 6666 17723 9924 7276 14680 1405
5991 13494 14962 6261 19707 11696 19204 10853 14809 2421 2662 1827 10755 2448 14574 2161 9520 420 8552 14914 6403 8881 8493 6702 8445 10796
10632 10219 18244 7022 4869 3235 15573 4953 1771 2210 1360 7860 7759 10662 6073 4868 10071 6747 4484 1953 17748 10193 16687 16740 14666 17833
16872 15904 11051 14976 203 13418 10976 4785 13917 13911 117 15047 10357 3467 6527 14279 455 7108 17223 13962 5522 11997 18750 5442 15090 8662
18329 11072 15532 12992 11414 17526 12118 155 12877 7972 17751 790 8018 1714 8708 3573 388 19090 19798 10857 11707 6042 4733 6657 3320 10824
8672 6071 14680 14187 14081 13615 14234 3557 16598 7402 12022 2337 17881 5009 19094 1186 3853 8766 2452 16853 19649 1573 8632 14896 9155 10562
487 2928 7907 11776 12175 9429 18560 7015 7584 2711 13963 14669 12843 6466 3459 10116 16030 10061 15172 19968 11542 13300 14209 17233 12768 16331
14897 1028 7409 10787 1090 7588 7107 13778 17384 17808 6383 5023 5778 17275 12605 150 756 12739 4129 10659 18322 16550 15280 10279 2086 4350
14543 7582 7347 12739 14245 16235 3441 14830 16263 13019 3739 2865 13409 15420 1000 5029 3342 14052 5120 1478 12352 4839 2676 5220 18924 2444
14317 8554 14238 1752 13911 8847 15121 6226 5009 8663 5545 10367 8563 7859 3410 18593 13201 15996 3924 17612 513 17528 3750 4268 10302 16656
9532 18387 1321 15974 13381 10293 901 18001 1946 17974 9702 15616 13354 13242 645 16038 173 9154 1848 11979 6412 12225 18954 17489 15977 9732
6621 13294 9265 11153 2271 19158 9964 15539 13518 4127 6425 19193 790 3061 10378 15254 15806 5802 397 17474 8675 12482 7858 16410 17368 11418
13431 15138 13830 4871 10612 4756 1073 2262 18085 6505 11368 2799 10591 14938 3796 4942 16427 9016 16879 15040 10366 10229 1007 13738 1244 1941
190 18760 8174 10378 321 9737 1392 2723 9317 1885 1385 16987 17266 2932 12117 13861 18109 8226 2486 3933 7119 529 8397 5468 11943 12984
6259 10218 11147 13516 235 19982 10165 17103 15303 11901 1276 14898 7505 2610 12896 11917 5798 17175 13684 608 5568 2187 6435 17293 19326 4619
6985 5564 2879 7536 17779 14271 10277 377 9827 3878 11490 15882 12987 10147 15672 1182 6987 18906 11780 2980 10914 11797 19964 18856 6037 5896
12320 14488 10749 13185 8410 11179 2301 10287 1453 14396 7628 9350 3369 13061 1411 4702 4454 3584 7887 13605 10332 12210 15299 11056 12026 10167
18914 15134 18118 16593 14801 13541 17466 6554 14305 19153 10049 15223 1839 10787 15694 13161 7372 8707 11560 5340 10016 14738 14557 4642 19443 1047
18418 4908 96 16681 11068 16877 2952 5183 3643 1983 11375 13670 12977 16223 12744 13430 7576 4149 3540 13835 4098 11823 17360 7842 14717 71
1016 12001 16917 18855 17856 5181 15110 137 8731 18620 14229 12847 6815 1815 13674 5636 761 16044 4445 18296 6950 6370 18320 6982 2393 18426
8336 7994 10466 15251 2578 8110 3808 5553 8424 18066 6550 16650 4650 13612 5091 10329 11266 2492 5186 17307 11392 18189 17990 10621 10015 10524
19534 17721 16007 33 10641 12439 7382 16872 7577 11418 3095 5082 7263 18570 7776 11101 13246 15185 4635 4644 18856 1753 8730 3110 14003 16940
3775 3842 8217 3218 14502 16815 15340 218 16225 6531 3303 14437 5464 13062 12259 3375 16193 15015 6845 18377 6147 5843 16779 10833 2167 7313
6336 12352 14549 10279 13841 14342 15001 13254 17197 4081 535 6900 1405 659 6847 370 292 11522 7919 15276 7284 2070 70 10614 2924 11431
4999 11748 15496 9234 5167 18970 5499 18509 13540 13753 15587 646 4950 14257 15105 4585 5620 9797 15528 15101 1212 12360 4824 16388 9696 5340
11266 7065 7923 11882 4106 13945 17170 3529 9949 11222 2982 2224 15019 13274 5268 2759 4789 2157 7334 17474 16927 14358 658 16793 5929 7234
14339 8623 7764 14234 19057 10573 8538 2683 4615 1691 12231 12193 7193 8981 15644 12776 9040 1570 18743 2848 4050 3682 19332 10070 3759 1282
13346 12281 13841 314 7291 7293 11157 11600 14605 1818 16173 10856 4103 14064 19736 4987 16821 8495 11030 9467 6711 18183 8098 142 334 4653
13119 14773 4519 14440 1202 10177 7569 11347 7210 6914 14335 4490 4382 13068 13024 5104 7012 3638 18935 15519 281 10079 5730 19121 13065 15081
2379 16033 15937 8043 205 9934 19314 3929 14628 17109 512 18775 7368 16824 10354 8694 14516 14260 2690 2103 3035 796 2564 5398 2458 5216
2106 15518 2651 18175 11409 5641 5088 15517 3337 3120 10724 3642 7040 7006 19122 12826 6513 4740 14675 6554 6230 9562 14126 13039 13210 20
111 6978 18776 16922 5116 17658 14667 15576 6313 19276 15603 5053 216 15109 7826 15626 2282 2395 11830 5374 9903 17942 3806 7810 3032 9365
18674 18391 19541 9002 13702 12455 7141 17796 7587 14622 14134 10045 13015 2232 19677 3552 10265 11336 8472 5228 10343 17813 485 15010 11572 12857
6707 9574 1526 14780 6550 18557 12262 12713 10002 14219 2970 706 4747 5352 16296 14509 15971 12619 17260 19907 16168 17527 8161 7371 278 17181
3303 12342 7743 11160 15889 400 11172 17177 2410 379 8613 18521 18263 12212 1854 10168 1181 7529 19870 17473 10831 19417 15443 15630 9716 10026
15235 7728 11400 18738 5361 7450 7173 17743 5699 1429 6327 7008 9807 344 17386 18526 15064 14287 12002 18641 10056 1151 19567 7895 19705 12076
2813 9472 13285 19056 12602 17995 14920 11894 3948 167 8008 1211 5785 11221 12081 15124 7445 6179 13378 4370 4352 1985 15413 14428 579 16403
8731 1977 11017 14539 16678 11046 3517 13558 18069 6337 16567 10226 9476 14136 13873 5688 3713 6018 16428 4010 4253 4229 2913 5778 453 16623
12152 57 17873 16453 4361 7194 8258 6227 10395 8 15548 11243 19228 19514 17701 10452 13067 12575 3378 10698 17560 19168 18516 14282 9375 8373
1023 17559 1516 12489 16273 6613 19819 15583 7367 14425 4742 336 4399 15694 11361 2513 2325 15409 796 12355 18416 612 899 11095 14699 14732
14199 8649 1997 11387 19376 19550 12703 10059 19264 6640 10250 18584 19652 663 13739 1563 9816 1866 5746 10717 6448 4737 3738 15400 10161 7780
11707 8028 18562 16173 1886 17538 3752 15923 244 6257 9593 7700 349 8600 5978 18744 10683 9017 8281 7351 4142 8208 7065 6858 10067 14688
9766 908 19687 2609 14256 10560 10837 11121 13260 10357 6070 1752 3662 7498 17946 2025 2078 376 4767 11950 19233 1586 2026 7795 18397 11767
707 14891 8556 59 9714 2616 5046 11404 18067 3107 17777 128 8700 106 4947 2836 3754 13361 19801 6481 7611 16391 4593 15410 18199 9898
19661 17506 1527 18237 5887 19763 15034 13434 14625 3740 6640 10826 17376 6483 10753 2267 14568 11176 1012 1388 18114 3875 16926 9816 11272 16835
9986 778 11713 1050 8897 17172 18994 16824 13844 16681 19898 16037 12518 5075 7364 18045 12135 18418 7918 19206 11736 11430 12526 17482 7493 1887
10462 10100 3704 7639 12756 2282 17434 10690 18927 12407 5059 15144 9670 4701 18906 11666 12961 1126 10945 7637 14305 13528 966 16817 18618 14246
2670 2694 14564 8527 10862 5601 3194 14239 7896 11449 11910 417 17169 19290 10436 15459 9221 6127 726 17222 6392 3765 9327 6599 17361 1038
5880 11954 19615 11567 2199 9962 15966 7002 7985 14799 616 3957 7724 2807 3623 4957 8420 16229 15131 18507 15190 396 9243 2741 9627 830
14813 8999 5576 13321 9832 2330 2859 10387 7209 17054 14933 19014 14597 13259 2411 9069 13750 11732 18261 1163 18412 7139 1282 15513 6009 9149
7132 5866 18812 10936 9678 16554 19139 12137 7799 2455 11987 16049 9418 17525 10317 8879 92 3983 5298 17083 16799 13224 19001 7373 3971 13958
16319 1034 4611 6059 4696 8987 12849 7478 2861 15959 13750 7700 12170 6540 16563 1762 6296 19256 17931 2780 1182 8792 15399 9725 9494 14227
5078 13783 2125 14437 5996 624 12951 5558 1477 15375 3102 16258 18021 3950 424 18976 14056 17241 15676 14772 10706 1621 17626 225 19747 80
2801 17958 17063 1906 3460 12862 8548 3677 3388 15870 15275 15831 15790 11311 3015 11959 8082 19083 5297 12341 19661 11904 14378 8650 4261 831
3520 18914 10695 4589 14222 13841 17355 14632 19427 5841 7370 16539 18424 19982 1844 13648 487 6905 12644 317 11599 12963 9044 12337 12921 4600
14233 13720 7503 2482 14043 7775 17727 11152 14590 9663 12671 18282 11068 9774 15675 2151 19747 8282 19692 6740 7139 3943 16645 5602 2102 6226
5775 10397 8034 4439 4105 9537 8656 5480 14571 11952 12021 8061 14644 10852 19487 13580 13910 14639 1376 582 18721 13634 12349 15172 18393 11791
4641 15018 18133 9842 523 8756 13836 10730 454 137 5970 8114 2981 5185 10367 4340 857 11126 5748 5700 3590 9496 13097 10616 12916 17572
19954 15248 5441 2178 1518 7862 326 13966 12359 8235 3240 15428 609 13263 10543 17897 10255 10700 3095 18893 1473 4930 4315 386 4580 15259
2430 13390 6505 17165 1474 16007 7145 6292 15918 10327 3935 1212 2711 19343 5402 2939 12307 3701 19580 4249 13322 14195 17059 14743 8378 10806
15559 4174 15584 3552 17995 13081 19685 3640 10215 7728 8175 16921 2661 12868 12774 16131 1677 3610 7340 10456 12670 13001 1040 16378 4051 18265
6252 15634 13960 10571 5596 8517 19200 3776 3549 14518 1504 3105 15602 16584 841 6633 19324 3750 15478 16881 18505 17437 16820 1388 12489 4139
17558 7217 3141 16951 3157 19518 3473 10353 3446 3652 5782 18501 7720 2445 2383 6803 18870 15366 746 12978 12568 8682 11733 15972 18351 11652
19399 18940 11578 6630 8420 5892 9719 3604 9998 19966 2504 10063 1227 18044 7577 11533 10163 294 13678 6193 1797 2890 6775 18613 18116 18033
17065 2562 17366 11967 9354 2645 7889 13307 18225 2491 16137 19248 10553 5264 8713 17073 15594 5742 9671 14012 9431 17466 3279 17181 6862 235
10436 12173 11963 19103 5596 7986 7097 13034 18442 12424 12990 16850 18752 10068 11650 10392 6648 87 228 2701 19783 13114 1922 9716 73 16144
18194 9591 18745 9589 14842 13437 19987 15180 18942 7103 10869 7935 5989 6893 7142 10 3532 39 2356 18575 19886 827 8764 2867 624 6731
18650 14366 3104 10404 15184 4353 10041 13586 221 4348 3857 3459 18818 6849 14859 4773 9639 3644 3789 16938 2472 14465 10819 11712 12961 3094
6211 164 1760 8150 9102 9915 16146 17112 17372 102 12693 6670 11133 16418 14310 4337 943 8321 9633 13767 19958 9235 4259 8153 3026 2807
17922 13225 15174 5097 10024 15093 2870 7207 2200 8040 5172 18726 15438 3845 10053 18327 10103 7299 15985 8286 8633 19667 15112 9704 10713 6902
19613 6773 3745 17278 4976 12371 19173 12519 18680 17474 9887 8872 6080 10400 7998 1072 13394 2785 8770 2192 18072 9383 13003 8591 3119 4567
6686 2781 5512 12026 18283 3043 7709 15858 8744 6273 10280 1777 13229 18709 9809 18980 10378 13986 3330 16941 1983 3224 7826 15691 14144 6427
18108 13404 2259 4109 7316 7464 15289 12054 19939 18037 13120 19425 9158 15221 9311 4692 3141 18578 4745 803 12738 10474 17662 18752 17225 3092
9953 5649 3887 10024 17915 10213 1366 5854 8522 8299 18532 12696 14446 7987 18264 10688 1426 11875 5737 10934 15093 4312 13889 8339 1992 10231
4490 3052 13588 9887 7164 10564 8009 15787 10145 19352 19277 8201 13318 6606 15236 9147 17064 6292 18220 7872 13690 9590 10578 7738 19288 18141
1127 6821 11474 6379 4470 16449 4696 8299 3986 7284 13767 4044 10970 16765 919 15022 18465 12529 5856 8405 18817 13615 4736 17947 507 17174
5886 66 18981 13338 11993 15065 1081 18132 6612 1300 2398 10863 6246 5561 8931 5296 14694 9401 1789 17092 17373 4912 7787 13133 219 14417
5740 13531 6815 3148 8252 9117 5698 14252 6287 7430 2468 326 9372 19587 18298 8639 5363 933 15707 965 11186 9975 15599 1976 6341 4569
17643 18769 4185 3472 14372 2414 19288 5764 10944 17032 13696 17990 13671 18405 4959 9567 603 16981 19120 14793 9283 3513 2822 14339 8175 13446
19780 19136 10730 11139 18326 11022 2317 1449 4951 12000 6767 9917 14197 3190 13322 8433 18869 1362 10686 18300 19835 2362 3941 4475 6166 14744
6079 13934 18354 14145 8733 18781 7215 19828 3424 17520 7442 13018 12156 13030 1524 1500 3124 15711 6498 55 7649 8281 16110 10775 157 3310
3105 14976 14936 13846 7944 16875 12407 2909 35 6152 1161 15417 535 2488 9313 13661 16753 11990 1217 1676 12213 19393 17164 1751 15428 11907
6954 5622 3240 10536 10321 5807 7460 4319 13943 826 2542 3718 9342 11137 12293 3657 15028 19122 3752 16680 15410 5782 1680 19790 8028 9363
17168 4499 4302 12207 2286 15656 12619 9995 12000 12660 10357 418 1053 9382 2928 2098 12073 7908 19882 12934 3507 2060 6886 3113 10905 11816
15155 16549 14825 7571 19018 11138 15901 533 11472 18305 19299 8877 209 16367 7433 19299 16897 12420 13849 2680 14584 8872 11294 7880 13202 16717
12675 7729 10616 13082 7608 7903 14283 19730 9367 11443 13632 7186 18371 1028 408 19567 3240 15357 19977 6705 6260 19861 19453 9875 211 1746
4147 18856 18799 17204 15412 5574 16749 11390 16569 4664 12767 19713 4434 17547 11849 18799 13030 9911 2853 9322 16859 1481 16719 6691 6453 13197
12332 15174 15295 14307 4098 15094 6642 14916 18450 18929 869 19326 18233 10218 11254 14698 16406 1327 11288 13475 8179 8173 18719 17456 13715 5849
673 9167 14358 601 9736 5368 3983 3830 737 17706 134 14975 10096 19802 5932 7561 2399 6319 11450 3359 2743 10861 9003 1647 5925 718
4293 12202 8070 6433 13880 1491 4185 662 5990 15352 16238 12192 2821 2699 5278 9438 4939 16036 3418 2040 14006 12110 2327 9319 5444 12572
14163 16590 7293 9375 8859 12968 19462 18855 15619 12214 1553 16023 17028 10425 18885 8838 8665 183 7183 11638 17648 11356 18681 15929 6326 14209
12600 17538 8979 17024 10238 11883 7554 5036 1988 18646 1880 10302 1590 734 8019 13840 14391 10674 9464 9397 1658 12395 14568 11880 18901 17368
9680 10541 18247 10957 19105 7380 18392 7480 14255 16783 4427 922 1672 18766 10535 12543 17784 456 5337 4307 13043 18115 12654 12438 5937 12247
16520 4856 11825 77 9230 15743 7445 3957 16835 3666 1729 1607 15829 19313 8518 15377 2149 2942 11845 8342 16951 12703 16361 5463 1332 1876
19630 7422 11766 15094 12516 1356 5857 7400 5570 12069 17301 10706 8617 2279 3754 17756 12042 7122 16417 6244 4239 5230 17217 12869 11465 17287
1129 16503 16912 18428 9355 8161 7738 11376 6236 10737 13607 11854 3659 3255 6658 11696 12357 1405 15673 472 19346 11489 1809 1041 13469 11503
19076 6895 9925 8136 10412 13399 1721 9463 1604 6870 16469 12094 5129 9160 17849 19054 7258 463 6870 10243 11843 158 9709 14007 12497 16791
16561 9737 10065 17905 1372 14179 5059 7697 16934 13140 14284 17896 2898 8898 19633 4728 11308 12134 14237 18772 2930 9965 12236 14695 14047 4654
6959 2414 6878 7879 19980 15530 17169 11982 15179 10708 19761 3924 13046 16032 16979 9340 19904 14291 18660 16335 2721 11417 19187 15307 1981 763
16155 13153 17881 8376 14040 2998 194 12238 12702 3259 15268 8986 9620 4037 16408 8050 9554 15434 8956 6459 19180 4192 924 1588 6240 3165
1336 8399 18419 15969 5017 1052 9962 6161 9612 12752 19887 13788 19359 941 12907 14778 14072 10036 15057 16949 1138 17179 2619 8274 13940 17478
10461 2505 1004 7686 7188 10050 13567 8762 2812 13082 15622 18938 10085 16926 15190 3755 1890 4669 7856 7579 15311 18173 13797 8997 18148 8943
4900 14819 19768 15454 6314 11855 17339 13841 297 10679 2444 9274 1411 3212 9604 15212 16182 12602 15068 4682 2128 2077 17543 4563 9865 3844
15614 12643 13354 4026 13274 190 3607 8398 7383 4183 9428 9990 14801 3693 3204 3361 9927 16189 11223 6661 12146 14742 4688 109 4985 8395
2629 7741 1356 2613 19403 13558 5654 19803 16635 3321 10687 5714 4221 2104 17014 13056 19399 19310 4666 9749 2160 5726 8094 7971 8437 12584
12451 11281 16106 6776 19203 2643 4741 6023 14982 6869 14531 11075 12276 14350 19907 16475 6121 16110 3530 5876 11367 19463 16599 13268 8084 5455
5722 1411 2921 5104 7337 623 1964 18374 16201 12934 12725 7308 6097 5304 2171 14622 3294 5994 18938 10330 17681 17444 416 13933 17586 18047
4930 8941 194 14111 7318 15319 1119 16878 8574 449 17262 9661 10765 1162 12313 6046 349 17731 17956 16176 13831 4719 10953 6501 4975 3950
6899 16494 17770 7302 3969 16974 9043 14047 7019 14323 13647 19067 9785 5980 8631 2305 8629 3450 18619 7353 13314 9037 3408 18286 19916 19882
1430 12117 15471 16313 6476 9535 3308 14301 7343 17167 14398 13761 6193 16055 10971 17025 15461 9613 18267 18432 3365 8160 10508 11853 17958 7027
11527 1856 14412 15495 2165 9598 9074 3196 13033 1221 3568 15861 4657 10179 9851 18259 18468 1301 10091 10608 10064 18869 9874 17546 12376 11053
19041 10502 5847 18357 11213 5794 7294 17696 8959 13251 16872 18582 9897 2569 13922 17741 12742 3012 15020 3615 5018 12906 14480 7784 9551 17169
908 19627 5300 16931 16401 19772 11630 19818 14433 8310 4853 10613 10528 11112 17488 13269 2514 975 11841 7513 16133 14512 9551 1281 18854 15695
7439 5158 9008 9483 3973 15029 13319 15488 6794 9510 526 13344 4016 863 9577 17178 2207 8258 6770 4399 8564 5782 2334 6868 6405 687
13613 2004 14470 3846 398 9231 12712 5112 14451 15799 5961 19454 16823 18483 10953 19755 8511 2014 19550 8702 5670 14482 9831 3412 1260 6089
4608 10963 16616 19260 5111 2067 10124 18327 17530 7786 9207 7327 16862 10582 758 13556 5937 14283 17478 14009 14067 18625 839 3516 9040 2103
15255 13278 3085 4674 11983 15045 13578 19889 3175 17579 1483 16789 18915 1246 12737 10715 7618 9062 12908 7636 17374 2112 13069 9661 2305 12813
17391 19737 19438 4704 9966 7499 16818 8650 10132 4496 15972 18089 10448 12538 1604 12616 19915 3330 6744 12598 18361 11987 12111 17015 839 8091
18876 4583 2602 14657 19605 18504 7679 8334 3496 16570 14416 6676 4908 9244 3771 395 14981 5534 13316 11381 15810 9297 11928 12425 9589 10038
17931 3085 5782 10191 13237 12142 17857 19748 13931 3652 8253 14650 6168 4682 18627 4132 16512 11642 11778 19746 14652 11851 2047 4548 10101 11280
17869 12088 9971 15784 4737 12905 3306 19975 2018 12129 11937 17745 12845 9667 544 9596 13337 1718 13519 18337 10234 6591 10517 13992 1004 14778
16209 1524 950 10356 2977 1928 11911 1210 12230 12050 7329 12865 10872 5477 4249 18567 14520 3513 19443 5237 3058 11758 13851 1926 15156 14131
3255 13018 2102 9715 11762 19259 15615 3633 2829 757 17892 8999 7306 11557 19298 3954 10179 15563 16230 12402 8200 6305 18922 4374 15780 15937
15097 6346 17704 13616 12288 14633 14417 19643 17529 9253 16472 7257 19534 5699 3894 1889 7915 510 14025 2628 12077 1236 17308 16087 17306 19141
19813 8353 11162 2410 5961 2617 4803 7688 11522 19898 10999 2565 17885 19723 1704 5631 1711 10430 15903 15246 15987 15906 11748 13063 7626 7302
9103 6788 7387 13668 5340 17348 3239 15123 8711 19075 8572 6389 14375 16342 11882 8860 2822 16684 5004 3878 16320 13908 12990 1041 1027 8801
12177 8921 17781 7114 13965 19307 843 4316 15446 17168 2530 4646 8538 15152 14076 207 2546 14286 11150 5730 13002 3563 16312 15108 3544 9660
9870 14559 13078 10606 7162 19987 474 16300 8847 12056 16557 16291 2676 19231 17655 3743 7403 7965 13185 11080 8446 7295 7432 7090 6104 19193
19199 15161 10137 9920 100 14591 2267 1104 18134 1875 15839 5284 19555 6945 9713 10127 4249 10443 1538 19264 19101 18004 6689 275 2963 7279
7120 2690 1100 10304 18486 9307 901 17412 13860 13867 11532 7012 3113 3937 9095 8703 1368 14679 17657 13333 16863 4310 5256 1636 1632 1827
942 10783 2975 6099 664 16431 2638 13259 13356 15556 1687 12862 16169 15677 15443 9704 7013 7203 19158 15962 13154 18925 140 16064 15237 14183
1589 13853 8735 13124 4700 13147 12307 2822 5678 19630 13340 8505 4293 8386 16981 13607 11086 9680 1235 4717 3981 6651 17472 4853 6255 19381
8268 8059 17197 15387 6469 19095 3202 16604 9694 3634 4914 9222 19617 18039 5280 6137 966 11882 18206 16147 18486 16641 3445 13013 10564 4268
7936 11207 844 17762 12529 2979 8475 4106 2235 12297 12853 14556 15380 8463 4398 13180 1104 15637 5858 4853 2769 16323 15405 11878 2296 13978
19102 4182 15995 15385 10376 17571 12571 2245 503 14667 17736 9598 11419 4898 9400 9898 9689 13226 77 17661 14589 2301 5124 16492 9133 19615
17500 11692 8193 19959 9702 11659 14454 1633 3824 12522 10989 19569 12407 14690 3557 12425 9945 779 16386 17414 13561 372 6291 7252 11221 10213
14066 17876 12847 18797 16935 7452 662 12584 14182 9916 11823 14782 7298 12173 2204 7757 913 5321 196 6703 4374 10519 7924 17279 16407 16362
17756 17286 7738 14086 16578 5257 9499 9866 16335 7645 4443 3201 3675 7009 3979 16767 13374 5859 14298 11475 19408 19541 9389 6134 19218 15332
19039 970 4661 6927 1471 15832 1192 5011 18639 10375 2423 2472 12990 17154 13914 5715 867 6963 3565 19088 935 13565 6190 6236 19677 5614
13398 10162 18127 1330 8360 4751 3951 13726 10516 15232 6523 4620 6768 17424 19786 9391 1592 10516 16704 5423 10584 1021 426 10813 1877 13475
8640 1522 8144 15711 832 12346 1309 19941 15077 14468 3075 7508 10612 8369 7956 9901 17065 18398 11765 6569 3408 7699 17035 8146 11970 15318
16034 4484 18854 10019 5562 3885 2016 2414 685 15541 19405 5376 17237 5702 14805 19771 9417 13810 2642 18994 9907 8610 15671 2145 18226 8187
18636 6633 2062 1389 1711 16920 9949 18078 9638 11551 6597 701 3850 7699 9376 12926 2115 13653 1110 10595 16823 11856 6963 12294 5697 3625
7716 7127 18885 17322 17340 15135 18633 14944 2761 19886 8410 9878 17958 5257 3517 7121 4708 15919 10797 13572 6530 7815 10165 641 13305 19587
11861 14469 10083 13170 13566 10114 1018 16070 12964 2597 10396 12724 1634 3518 4813 13003 2981 16340 19593 15786 13407 3030 18923 3417 12169 2703
2578 12696 9330 2290 3999 8566 15722 4576 15018 14458 11303 11732 1030 4382 5913 19326 10817 16661 2223 19056 18384 4390 6005 15479 3971 12212
17103 18026 18989 9034 6756 19650 13361 12169 10550 471 19718 17824 10105 15767 8233 10687 11596 6960 12168 5481 13588 18890 10829 9245 9968 1980
5629 5926 9863 7125 3865 8526 4538 12420 2393 5239 14185 13328 6300 11578 12478 8322 9043 5033 14997 14079 12371 13590 19484 10972 14644 11964
13587 5334 18539 151 17802 17850 6910 14316 7880 16977 13012 17936 10917 12744 6219 5493 330 13010 5338 11801 6270 16991 12765 4110 13670 664
9053 5107 11654 3138 1672 1412 17168 9665 5287 4769 13754 5911 9848 10884 9551 18652 7647 12949 17499 5658 5577 4701 17336 12078 15092 8763
1442 11181 12976 11418 17138 19548 19987 18690 19238 1508 12495 12265 19022 19003 19097 18410 790 13009 19284 2560 15018 758 9740 4956 8462 8447
6859 16736 3503 13704 13555 4292 4877 9149 10899 13761 16204 15885 12337 763 3784 6780 9597 3188 5832 19080 12554 18637 19516 6257 16214 15351
2894 16087 17400 13819 19629 5319 5569 3506 5942 17836 18737 11754 14466 3398 11048 6324 7173 5695 13303 15210 482 18054 10652 11747 5185 5589
5610 19515 3161 493 13022 4457 5434 15890 15698 13490 14206 5207 4521 6163 14936 4651 605 9414 17075 7084 7774 16254 17291 763 17343 2224
1356 12771 9386 9211 18124 6357 1009 18023 10124 13975 1523 17654 15082 4769 1168 13644 4523 18889 8087 19769 10619 13043 17916 4360 17175 3466
18757 6774 16182 2242 2284 735 13245 18898 9498 5959 15233 6111 8191 8782 4907 3767 2425 9000 15987 18028 11228 8657 16629 11787 1111 6957
3179 12035 1010 6958 496 6871 3593 8486 16704 11609 4315 8868 15551 17605 11648 869 12299 2895 13331 6034 6949 17593 3439 7510 12245 5603
1844 18096 19425 12288 14921 17200 3614 9624 9089 13332 12768 1339 8116 4360 13643 12626 3654 11373 5468 19799 1413 15055 12841 6260 12689 4253
2941 6530 12731 1476 19611 6111 2355 18978 12310 688 9926 5659 13269 4978 9699 15931 6096 12591 6389 10290 17504 18230 5724 14350 15719 10684
9036 11742 15253 13489 6037 15719 2691 12131 15421 18796 5891 4755 19185 2307 4312 7036 14181 18415 4111 14796 16043 9592 13307 18974 14073 11978
13182 1066 8943 5443 17708 14315 17363 5225 790 10777 6094 16229 10175 19627 4947 15910 16176 10880 10570 9320 3859 3347 6547 10070 12632 5983
14323 1769 12476 1092 5334 12168 5008 2080 1522 16048 4466 753 13826 4398 15522 9070 16432 2035 6993 15074 11462 8678 19755 19896 7387 14588
4621 10121 16879 10215 18231 5967 7619 3052 11893 19463 13186 9257 14864 10153 3841 11508 4823 15611 6256 14617 18897 4461 18112 12407 19613 17855
1411 6286 3781 3903 11616 8435 9949 9138 19708 14026 731 14561 13030 12064 11539 10196 10366 10308 11024 17493 728 16019 19391 5213 5433 17797
8888 11675 12314 3721 13157 16415 6966 14865 9641 2729 15084 12676 15230 2702 4873 8505 11574 2720 15220 1048 3743 13104 10938 15224 18393 9202
15906 17925 18985 11605 3960 17425 13845 17473 1399 13443 1009 2523 16023 2876 4561 15268 16426 2054 3827 13338 11623 19788 1304 10904 7014 9660
10523 6066 19855 22 19025 12770 15427 17111 11966 3218 13491 19328 15752 970 18742 17063 6092 10914 7875 12839 7838 14959 16858 4767 6741 330
19420 6313 19452 16480 11588 679 16649 2195 14082 19474 17064 11522 6680 2184 9719 7229 7976 6148 19381 15428 11461 14011 14332 13279 839 8473
6157 12796 9041 6950 5893 17056 14429 19080 12113 5456 10800 3858 417 10997 13186 549 10095 3037 19048 10744 13597 5635 13078 18229 14508 2350
11534 14277 8098 49 12170 13133 13538 12610 8641 729 10789 17095 4087 6258 18775 12479 14231 9808 10482 619 11055 15536 17275 3594 10432 18167
3559 13702 3213 46 16750 8000 7983 4086 17083 19782 10041 17155 12944 7046 3890 15277 2245 3134 7479 8307 15274 10216 1804 8918 12717 1306
18239 1430 17122 18447 2521 2127 5819 9575 12255 9190 18783 2410 10908 19843 11142 4684 13669 11541 3024 16244 17847 4969 6627 1730 18252 1279
7914 12897 14020 72 17457 1211 11762 8422 7900 18885 18734 2733 9320 10155 774 11063 18394 3379 17377 1738 11448 9720 11507 1370 13438 11876
15316 17630 18755 17927 17443 14639 19288 19050 16720 12808 9084 12506 9149 18555 15656 5310 7673 9738 9755 2905 9125 6739 18319 13118 238 5447
346 3486 10281 14822 10179 8692 18286 6362 8189 12525 4371 18056 14723 8063 10533 305 2956 14434 8224 2188 4067 12603 7524 10542 17505 12479
19418 18429 18201 12433 1970 18882 18628 17508 19045 6231 6176 18824 2936 1374 11229 4782 9833 13447 4080 19809 11298 1198 6046 7180 5074 7121
3635 9636 13372 2320 15757 13819 16421 4020 8730 10281 19196 7949 17672 5042 12591 200 2637 16999 8698 2853 13855 18212 14090 14732 5777 1247
4169 16871 3764 396 14812 9019 8113 5444 15157 18884 18432 14606 9471 575 10773 1721 369 16570 13385 8892 16291 11982 3325 10640 7876 300
2657 12592 1275 19267 14778 3760 8024 20000 17677 3556 14985 6028 9686 3780 14443 18833 12888 6003 16862 13163 19513 11704 4109 4743 4586 5522
4941 10674 13867 12082 5457 8623 2672 9736 16819 289 15522 19406 3996 5407 11652 900 2531 14070 18752 2361 8751 18021 10716 9779 11227 12385
8550 9712 9587 18211 13693 4895 4499 8735 16769 9177 5992 19166 17860 2777 15244 13773 13804 18003 14627 10973 17810 6237 4600 13929 16363 18849
7137 19695 9570 13505 9607 11846 12583 14802 1103 1994 11896 12312 8884 6533 2911 1440 13746 6194 262 6750 13183 6749 3321 12798 6271 8817
10601 9997 12248 4522 6031 2778 12024 15531 1148 16399 1885 4661 634 11756 16784 6324 14707 4533 9944 12568 2483 9624 16945 18065 5257 15859
15637 19912 5351 9499 19336 16444 13122 18589 2558 1303 4815 9763 18534 15921 7913 858 5788 18062 8745 15051 6076 15495 9187 8230 17524 9797
12788 574 10363 11305 18232 17478 13324 7687 3861 201 1465 9183 13336 16879 7768 12901 5519 15312 1350 19838 8744 14723 10840 10127 8211 16021
3900 4257 10161 13750 13539 18983 2528 16215 12486 6372 10754 17035 19381 8366 6524 1593 18102 4446 6389 9578 18301 5432 11729 19415 19135 4043
2962 17405 15603 1915 16472 18691 1671 19156 2285 5250 6068 4100 1900 13741 7438 9155 18504 4536 3793 12713 2077 2082 1394 11218 6169 3656
2169 9442 6474 10560 10982 12955 19624 15642 15512 13762 17725 11269 2024 15748 6587 4541 19400 4024 9953 12212 7946 4415 6829 14335 15284 1809
16122 19390 11058 7846 10241 15250 8266 13268 18210 11386 16775 2614 3445 5445 15301 13738 17356 18748 11188 9213 9321 2669 6682 11804 243 5301
561 10387 1174 15925 11967 17221 6561 17950 14278 13630 14374 9773 10076 14396 9618 8110 4993 4087 16790 9430 7100 15509 2733 13639 7147 12197
16029 4273 9633 15118 17001 19931 5070 10721 16392 1342 1311 3519 4613 16081 4216 10001 6066 6259 16732 18430 11858 12235 9929 71 18170 694
11657 799 19221 10093 16996 8594 3249 15509 5092 15348 6786 19506 17579 642 15816 15222 2627 11196 11123 10220 4816 270 5396 13771 17768 18384
19608 19523 7984 7808 8129 6667 19141 18419 16316 4295 2883 9 7064 9895 18940 479 7865 2900 7369 348 12555 6497 2374 6476 14041 65
14686 4797 11078 1683 18670 1349 14557 5698 8801 12358 5826 18924 7077 16991 14482 7841 12025 8046 18183 13706 2536 16194 6746 3834 7178 1473
7612 12604 922 13922 18912 7229 6729 19107 18474 5403 15032 16936 9436 15854 8696 17737 4429 6091 6791 1607 9454 2431 11189 2589 5942 17462
16554 17007 18809 12174 7067 18237 843 18878 896 5304 3779 11458 14179 8746 3641 9304 15473 1525 13523 17057 5912 8445 3417 9707 7112 8255
6152 6959 15824 8867 570 8511 14942 14083 3719 15001 2584 726 4215 4273 14592 15375 4197 12534 7371 15335 11698 12507 9872 15863 12896 18218
9224 8008 11585 17870 6369 2419 2006 5028 1202 15666 4129 2613 19923 1926 10164 13827 12316 8618 16824 1450 14636 17058 18167 10053 18670 10395
14999 5210 344 123 18347 13665 16785 10152 17514 4926 11974 16059 9099 11101 17817 8569 14742 8415 3016 1049 530 335 10406 17035 18216 13977
18941 19635 9397 13011 8509 6807 12946 3723 15826 1946 16262 13048 4985 6434 1008 16945 1096 10154 7167 5956 1085 16838 16736 14177 6731 2996
14757 19143 11987 16223 17395 6055 10425 3604 9769 5728 14522 12572 5985 1227 13219 799 7675 13715 9464 11875 2762 210 866 9688 17718 15598
17995 843 10951 371 6405 5977 9342 4527 10608 18683 4531 7680 3829 16858 7706 7451 8758 45 5788 657 11380 14754 10048 2106 4918 9436
9687 1352 14253 3549 14519 12559 18449 144 3073 4285 9625 8343 11828 14735 18546 12898 13020 180 19485 18750 16747 13080 8136 14020 2420 9813
12610 16764 10181 9130 10425 15692 4386 19617 14876 8743 14574 5363 6035 18333 8513 10757 8170 11255 18391 12469 12328 15132 4887 1441 4553 19666
13050 3021 12362 18422 16511 6852 13489 4383 10487 12881 14423 628 17690 13360 1965 715 8821 4010 15199 10194 14674 13665 14060 9888 17450 9428
9891 12372 17798 5393 15475 10494 7290 1371 15612 6985 18919 4685 10272 7711 8537 12331 4344 18786 19933 14446 19667 10450 15097 6909 12828 673
8655 9445 5795 16402 4128 1774 9133 6928 15216 11886 5584 10297 861 2857 2450 10356 16040 12643 11395 17449 3421 13511 10945 9533 5242 8901
185 19654 7657 11331 4002 13281 16328 729 5459 13194 10621 17051 14953 18880 11490 11555 3175 7479 11009 11108 17684 16099 17555 8614 13076 15851
16167 18673 10267 547 3386 17935 5092 5820 13174 213 2669 15767 1623 10939 6200 17957 13545 18597 16961 7391 838 7802 7665 16921 3761 5909
10705 13741 18960 2508 13270 11660 6234 16125 1957 6999 5424 10586 16869 2832 18585 13641 16129 15037 127 5514 10793 12039 1721 12087 827 684
106 14777 10845 16935 19159 6151 6635 5100 17105 10689 12577 8135 15948 16055 9249 7425 12425 10460 16675 3135 11513 8925 13159 13431 2146 8713
6483 2439 18103 9221 7534 6404 6957 14729 10289 11983 16244 8662 3950 16558 1385 6708 18771 15609 1173 13358 17321 18774 17573 4701 5494 16248
14350 8818 19356 11391 9847 11850 13608 7970 17510 18347 7877 2299 4852 9163 18851 1647 14244 4149 15606 9155 17793 17022 6292 13871 13638 7840
11786 18138 17582 9750 14588 1262 745 10994 12271 2951 15779 11684 4549 4308 11295 19814 15109 1419 7566 6214 13581 13780 2097 6745 18881 18136
15216 9434 3354 7104 5465 7336 14595 14206 17739 8621 19833 2489 4068 8184 8485 17086 8948 9731 9769 15669 9691 11071 4497 11893 19360 11661
16055 5715 9778 6642 831 13580 6631 2950 19341 16139 16768 7025 14588 3971 6985 9338 4549 4763 16283 12354 675 13339 4537 8423 13226 12335
9934 15529 5296 16797 17940 10554 1598 15788 15691 15868 19745 15002 12727 4148 12496 1972 1843 431 13684 13520 4288 5136 16261 74 15559 11819
4477 2560 3608 17403 8671 9661 8686 7965 15534 9965 14235 2686 4250 14576 3779 10592 12076 14246 10988 14494 19176 18426 17900 2940 8571 10593
18059 7556 17392 15829 4175 15931 815 18755 17140 1045 13191 15654 1379 4782 13129 11712 5537 19517 19702 404 1048 17129 11559 13834 6322 5241
13008 14439 14916 18859 1407 8769 17464 16052 15308 17693 15986 12097 3103 15707 16301 13762 11709 16783 18727 8911 14523 11427 8061 19012 13016 1310
9562 12395 16768 7469 1343 9663 5535 2796 175 17566 14130 3520 2098 3213 4573 8847 1087 7953 4483 1851 15750 1623 17616 5717 10985 1933
12104 13887 11688 1279 11585 15764 2314 4225 2502 2008 18286 2856 19765 17416 5480 39 11535 9472 17654 2798 3693 7538 16822 18670 18871 3618
16611 18526 19592 7293 13670 15576 9830 17394 8231 2400 5279 2940 16089 2388 5015 4889 19466 14083 10821 17195 15277 18955 2741 5942 8996 15536
7463 13226 12191 11729 7586 10642 17674 10966 6250 15634 9950 13207 941 16098 4709 5596 17842 10962 711 16081 4233 17538 17109 4212 12924 12287
19751 11738 15805 11174 5072 10737 961 572 7637 14917 15363 2691 3518 11467 8751 10040 19816 12468 8527 14956 17592 8657 16192 4704 14179 7112
11320 17977 1468 14427 8307 12916 12647 16977 11394 5197 8161 2691 1252 1800 5205 10466 5825 8089 3219 4742 8724 14368 7114 17871 10148 7898
12036 19325 8605 4083 3836 12466 369 19936 1020 2510 702 16781 2670 4372 9938 1145 16248 783 16520 19250 2247 4039 6929 2868 4035 16040
5740 11760 1324 1401 709 18566 2603 4380 19224 6295 18357 12095 9949 13 5589 19758 17474 8105 13032 14310 1833 10071 19823 19973 17948 1256
15071 19299 3441 16300 8167 1841 18273 19514 6080 18237 17233 6991 19992 1205 10966 7590 11126 14569 11232 7191 15477 2148 10229 8092 2491 6161
4757 10000 17418 10138 10789 3758 18427 3139 19781 15372 2267 3594 9791 14724 10708 6968 14892 13064 16063 6297 2756 15945 12312 12825 1495 15142
17651 11987 9414 4004 10095 6153 1076 9471 12274 19444 15428 4800 18883 7001 5405 7651 1950 17886 19845 1077 1497 6150 2279 11807 7734 437
16494 2275 18562 8953 5804 9428 5498 9617 13964 263 15966 15723 67 16629 4307 13891 19995 1990 18722 7896 3022 11092 7772 697 7864 9703
11617 912 11639 16327 1423 3204 17253 8633 478 8504 3496 4395 3144 7942 7865 19633 2962 15042 11420 11389 575 19404 1692 16152 12660 7167
11484 10045 540 18350 19219 19064 8389 8286 19076 4700 1377 19800 16356 9613 8824 8382 10614 12357 15759 3435 557 5688 1629 6949 6500 17882
277 6724 16683 11041 12440 9398 12597 12794 18558 8373 4634 5134 7859 8463 10199 3013 10767 6381 13558 5674 12741 12147 2142 16542 13445 7134
991 13930 6704 16774 8582 14472 13288 387 87 3335 13733 5152 4712 19258 5970 15639 7047 19965 3516 11235 8323 300 7838 18807 14088 1929
9055 15560 13678 2105 13021 11424 4972 5562 11974 15838 4868 14333 16463 8295 5212 15768 10330 6457 7066 8956 9919 16700 16378 9078 6655 9736
15982 6545 5216 17528 522 3151 17245 1391 18359 19727 2298 715 5697 2846 13425 1334 14371 18224 775 18570 15233 16397 14074 12937 17789 8263
17932 12094 12124 14025 5366 12278 11548 13908 14440 492 862 4670 8429 11761 10730 6312 16438 10789 10787 12004 14239 4023 15253 2620 19234 19079
569 13489 16504 2120 15561 15359 5252 4311 18743 5954 12232 13126 16263 10602 3057 19793 8370 16512 836 3426 827 9246 8869 8781 1031 1157
1517 13089 18422 15001 10925 5804 11926 448 3968 6061 4821 15711 5734 3672 1765 14299 7405 14522 13957 19328 16420 15474 3896 19903 6835 13221
11792 16191 4413 9095 12367 15736 18257 19069 19494 6112 19609 13352 11674 18759 16252 17043 17330 7901 1096 17312 2019 11577 13032 1637 5829 1644
17782 4239 737 9467 12862 12413 7612 15542 9214 18140 7139 19362 18744 5728 4884 3947 3747 963 9825 14837 2173 11824 7995 6113 1623 1045
11021 2109 15464 13667 10218 5585 7879 1496 16717 9428 7914 14156 5798 11617 9170 2523 17811 2835 12756 15249 18616 11264 998 10670 3962 368
2373 1082 11520 17459 16762 12676 1586 16633 14868 1064 4384 12639 18817 5292 6176 18366 19450 8580 7764 325 18067 10855 10114 17160 9107 10311
8296 8399 4160 464 16584 9529 9728 11148 16574 3785 6617 9583 12900 12965 1426 11507 10584 6318 4167 11230 736 5849 4897 2428 18400 4662
15568 13363 5163 7612 18927 3828 6069 14734 16842 10461 3212 1793 757 12815 14619 491 6426 12820 13805 19010 19815 6480 5888 8673 9825 5982
17474 10134 6738 5734 620 13570 13282 17144 19450 9540 13295 18527 43 14465 11907 2088 3287 12867 1172 12213 17888 10144 14131 11008 11528 7487
12198 16635 10602 7433 15002 16453 14484 13798 132 15243 11429 3447 5450 12042 2623 18342 13555 3899 10362 899 12675 18109 15314 11641 8877 3404
16831 9108 17273 2637 10110 18565 10312 12541 7773 7012 5222 10373 1730 18817 14708 17615 12175 8993 17855 17465 14146 2940 2893 12637 19562 10138
919 9492 10072 6929 18389 8172 7789 906 19130 5604 5786 3072 9399 17906 14123 17493 8790 5411 8726 2747 2639 18189 4669 773 7894 7696
12213 1902 14296 632 971 6084 13847 1727 16131 15055 5403 9080 10297 16520 1671 13384 17583 10896 15648 16885 19762 16173 3971 3808 19630 9681
11645 1710 13746 12319 8687 19412 377 2356 2325 13310 8768 16728 5633 7054 6958 11916 14361 10514 13417 10293 14581 4872 13350 883 14261 2854
9380 10754 8836 19378 19332 2965 14848 3420 1840 15778 1506 5454 7516 14016 17500 1798 6251 16845 2912 6066 11258 16439 9158 18175 6346 2751
10255 1128 10969 787 1983 11932 14360 14441 12294 9182 7951 11598 12902 1824 15621 6299 196 10791 4111 4123 16279 16003 1237 1445 17745 18956
13328 17695 321 4074 12367 18855 10101 11780 8664 5265 9239 16970 19398 6947 2689 16900 11843 14727 5021 3624 9506 10938 11599 3111 8679 1374
8524 2403 19720 7666 18086 13500 15164 8368 524 10418 11335 17713 15292 16663 7459 5500 15277 8091 11795 290 17851 788 19895 2958 2620 4067
8830 13449 581 15906 19337 12896 1587 16636 8758 16517 2749 3236 15353 13135 19805 3784 11741 2168 10573 12937 16372 18412 8008 11976 9265 8759
12904 18926 5196 2737 9092 3507 1657 14822 6366 3110 9267 8597 222 9779 7884 4288 19911 17707 989 8734 10375 18454 12858 11170 12216 14414
18707 1850 7763 625 7300 13717 12420 5542 5743 3265 17505 10427 13166 8533 14197 7341 9014 5715 9027 7078 16396 18103 1093 2569 2437 6457
11835 7353 3697 8338 13824 9553 13170 9884 15289 1413 13561 326 14150 18361 985 14003 19107 11482 4246 13073 17039 17792 11969 3241 4801 15696
6074 16314 1958 96 6101 13751 19453 9590 14069 18249 17616 11255 290 17552 9937 1828 5690 14793 12937 7686 12332 12612 16908 980 19733 2825
2296 17544 15733 12785 13978 14079 18815 427 17893 15891 9899 13036 6947 15805 18216 16879 1717 6950 15190 7214 10591 9641 14644 12103 18961 13017
12238 10632 9254 12780 3532 8594 19716 16617 5875 13967 3534 15962 15691 16154 17614 10317 7574 1032 17771 9280 12035 17445 16970 5812 18925 15052
