3626 9820 4336 10000
0 5760 944 8250
1858 560 1863 10000
2226 560 2369 10000
2369 560 2548 9244
5498 7091 6671 7710
6740 890 8142 2480
0 5023 1858 5760
8142 0 8360 9968
5498 578 6558 607
2548 0 3778 4224
944 9298 1451 9625
8360 3049 8464 10000
3268 8160 3910 8634
6717 8510 7017 8534
2548 5527 3910 7501
4366 3456 5035 5285
9370 9563 9642 9867
1920 560 2226 750
5498 5939 6582 7091
6768 2859 8142 3459
1863 1978 2226 2455
8464 3049 8636 9563
4366 5285 5035 9742
944 5760 1451 9298
2548 4224 3889 5527
7127 7900 8142 10000
0 8250 944 9322
5647 1959 6740 3962
2548 7501 3268 10000
5628 5722 6582 5936
6582 7900 7017 8429
5215 578 5498 8670
5498 607 6740 1959
3778 578 5035 1993
0 2971 1858 4848
5035 578 5215 10000
4366 1993 5035 3456
8360 661 10000 3049
8636 3049 10000 7580
3778 0 8142 578
6725 6876 8142 7900
1451 5760 1858 10000
3910 1993 4366 9820
7017 7943 7127 9290
3778 1993 3910 4224
8636 9867 8764 10000
6768 6454 7927 6876
0 0 2548 560
0 4848 1599 5023
6582 3962 6664 6870
1863 3626 2226 8407
