1038 0 1910 7418
5408 0 5811 11581
5302 0 5408 19138
5741 0 5768 26131
6627 0 6660 28079
8631 3253 8632 3254
7809 0 7854 9862
7816 0 7876 9862
8971 0 9049 23214
7277 0 7293 32854
7596 0 7634 41478
240 0 422 9965
7163 0 7165 19138
5353 0 5357 20096
5224 0 5262 26131
9851 6170 9852 6171
4666 0 4668 15821
5261 0 5597 9862
2435 0 2563 13632
8997 0 9003 59102
8525 0 8575 22291
3028 0 3119 7418
7072 0 7141 30450
8506 0 8545 45298
8408 0 8578 26131
3057 0 3156 9862
7801 0 7824 41478
9442 0 9452 59102
7005 0 7032 29867
1765 0 1842 12363
65 0 137 9862
2739 1108 2740 1109
3743 0 3928 15821
5592 0 5672 19138
5214 0 5543 19138
3710 0 4031 12363
8455 0 8576 30450
1114 0 1140 9862
0 0 65 9965
319 1134 935 4057
8778 0 8802 52595
4467 0 4500 20096
2899 0 3097 13632
5209 0 5253 23902
1910 0 2435 13632
2951 0 3706 9994
5395 0 5792 9862
7761 0 8034 12363
7055 8453 7056 8454
4300 0 4313 15821
