 182243672 182243672 987626777 1159795887 818187201 1845240100 599851902 2405311345 878842067 2443030072 1372602587 3097586399 1083770983 3340464337 1648098772
 1488850788 10074562 977552215 132742988 1662996428 136527150 2126321180 696598395 2260786400 718046260 2915342727 901527311 2935384532 1306607116 3499712321
 3499712321 2456328441 977552215 977552215 1100220641 1662996428 1104004803 2126321180 1664076048 2260786400 1685523913 2915342727 1869004964 2935384532 2274084769
 1478776226 2532234668 2456328441 122668426 685444213 126452588 1148768965 686523833 1283234185 707971698 1937790512 891452749 1957832317 1296532554 2522160106
 2522160106 2041552013 2824342670 2654903094 685444213 685444213 689228375 1148768965 1249299620 1283234185 1270747485 1937790512 1454228536 1957832317 1859308341
 1356107800 1846790455 2333660015 2333660015 2654903094 3784162 463324752 563855407 597789972 585303272 1252346299 768784323 1272388104 1173864128 1836715893
 1836715893 1390042365 2786623943 1969458881 3015320066 1973243043 463324752 560071245 597789972 597789972 1236075437 1252346299 802718888 1639749182 1367046677
 1352323638 1809071728 1904269828 2329875853 2191578342 3015320066 2069989536 560071245 560071245 581519110 789021547 765000161 1234669377 899465381 1644005726
 1373391141 926717613 2226552698 1506134129 2455248821 1509918291 2918573573 2069989536 134465220 134465220 676004192 789021547 339394136 1079677937 903721925
 792252393 1249000483 1769804608 1769804608 2057113122 2455248821 1838777823 3015320066 1973243043 21447865 654556327 204928916 674598132 610008721 1238925921
 1241879804 1249000483 1748356743 1371668909 2433800956 1375453071 3088357283 1838777823 3502666204 1956972181 654556327 654556327 674598132 838037378 1079677937
 767850645 770804528 1571996371 1748356743 1402556795 2433800956 1184221496 2993872201 1464449040 3031590928 1956972181 183481051 183481051 425121610 747808840
 587323477 594444156 1564875692 717112582 2250319905 720896744 2713644657 1280967989 2848109877 1302415854 3502666204 1485896905 20041805 405079805 584369594
 587323477 587323477 1551954566 1564875692 1382514990 2250319905 1164179691 2810391150 1298644911 2848109877 1936930376 3502666204 1488850788 405079805 564327789
 564327789 574402351 1159795887 697070777 1845240100 700854939 2409567889 1164179691 2825114189 1282374049 3097586399 1465855100 3499712321 1648098772 564327789